20
1 5 7 8 6 4 2 9 8 5 6 7 4 5 1 5 3 5 4 6
3 0 0 4 9 9 8 4 2 0 1 5 3 4 7 8 6 7 4 5
1 2 3 5 9 8 7 2 0 3 2 0 1 2 7 5 8 5 4 2
5 5 4 1 0 0 9 0 2 0 0 1 4 2 3 6 8 7 5 6
7 8 9 6 5 4 7 2 0 3 4 5 7 8 9 6 5 0 0 2
1 2 3 5 4 0 0 0 1 7 9 5 7 4 5 3 2 7 8 0
0 1 9 8 0 5 3 0 3 1 2 5 0 0 1 5 6 6 9 8
1 5 7 8 6 4 2 9 8 5 6 7 4 5 1 5 3 6 6 3
3 0 0 4 9 9 8 4 2 0 1 5 3 4 7 8 6 1 2 5
1 2 3 5 9 8 7 2 0 3 2 0 1 2 7 5 8 0 2 5
5 5 4 1 0 0 9 0 2 0 0 1 4 2 3 6 8 7 8 0
7 8 9 6 5 4 7 2 0 3 4 5 7 8 9 6 5 0 0 1
1 2 3 5 4 0 0 0 1 7 9 5 7 4 5 3 2 0 2 3
0 1 9 8 0 5 3 0 3 1 2 5 0 0 1 5 6 1 2 0
3 0 0 4 9 9 8 4 2 0 1 5 3 4 7 8 6 7 4 5
1 2 3 5 9 8 7 2 0 3 2 0 1 2 7 5 8 5 4 2
5 5 4 1 0 0 9 0 2 0 0 1 4 2 3 6 8 7 5 6
7 8 9 6 5 4 7 2 0 3 4 5 7 8 9 6 5 0 0 2
1 2 3 5 4 0 0 0 1 7 9 5 7 4 5 3 2 7 8 0
0 1 9 8 0 5 3 0 3 1 2 5 0 0 1 5 6 6 9 8